epoch,train_loss,val_loss,val_perplexity,test_loss,test_perplexity,epoch_time,total_time,flops
1,5.86534691426972,4.7654933915545294,117.38902282714844,,,60.812641859054565,60.812641859054565,16777216
2,3.0524210692948377,0.6965091845412057,2.006735324859619,,,59.892027139663696,120.70466899871826,16777216
3,0.48244823019303607,0.21497540141921306,1.2398314476013184,,,61.33210754394531,182.03677654266357,16777216
4,0.2585650750408612,0.190206950930167,1.2094998359680176,,,60.392579555511475,242.42935609817505,16777216
5,0.22017345504887575,0.1826827283001729,1.2004334926605225,,,60.33610963821411,302.76546573638916,16777216
6,0.20276217055726892,0.18195667224951065,1.1995621919631958,,,58.77707648277283,361.542542219162,16777216
7,0.19181970852937658,0.17852067333584468,1.195447564125061,,,59.09027051925659,420.6328127384186,16777216
8,0.18283186762972783,0.17722906385841314,1.1939045190811157,,,59.45242953300476,480.08524227142334,16777216
9,0.17746640418506424,0.17625959066457061,1.1927475929260254,,,59.60582113265991,539.6910634040833,16777216
10,0.1722963239821715,0.17737491675409045,1.1940786838531494,,,60.637901067733765,600.328964471817,16777216
11,0.16793774765761968,0.17594589947815614,1.192373514175415,,,59.82943558692932,660.1584000587463,16777216
12,0.1639244964627969,0.17602379326996503,1.192466378211975,,,59.47596979141235,719.6343698501587,16777216
13,0.16033427799382183,0.17733449282620656,1.1940304040908813,,,59.27004551887512,778.9044153690338,16777216
